start	end	type	var
547081	547082	IS_AST_PARENT	
547081	547083	IS_AST_PARENT	
547081	547084	IS_AST_PARENT	
547085	547086	IS_AST_PARENT	
547087	547088	IS_AST_PARENT	
547085	547087	IS_AST_PARENT	
547081	547085	IS_AST_PARENT	
547080	547081	IS_AST_PARENT	
547079	547080	IS_AST_PARENT	
547091	547092	IS_AST_PARENT	
547091	547093	IS_AST_PARENT	
547090	547091	IS_AST_PARENT	
547089	547090	IS_AST_PARENT	
547097	547098	IS_AST_PARENT	
547096	547097	IS_AST_PARENT	
547101	547102	IS_AST_PARENT	
547101	547103	IS_AST_PARENT	
547100	547101	IS_AST_PARENT	
547099	547100	IS_AST_PARENT	
547096	547099	IS_AST_PARENT	
547095	547096	IS_AST_PARENT	
547094	547095	IS_AST_PARENT	
547089	547094	IS_AST_PARENT	
547108	547109	IS_AST_PARENT	
547107	547108	IS_AST_PARENT	
547111	547112	IS_AST_PARENT	
547110	547111	IS_AST_PARENT	
547107	547110	IS_AST_PARENT	
547106	547107	IS_AST_PARENT	
547105	547106	IS_AST_PARENT	
547104	547105	IS_AST_PARENT	
547089	547104	IS_AST_PARENT	
547079	547089	IS_AST_PARENT	
547078	547079	IS_AST_PARENT	
547077	547078	IS_AST_PARENT	
547077	547113	IS_AST_PARENT	
547077	547114	IS_AST_PARENT	
547116	547117	IS_AST_PARENT	
547116	547118	IS_AST_PARENT	
547115	547116	IS_AST_PARENT	
547077	547115	IS_AST_PARENT	
547119	547116	FLOWS_TO	
547116	547080	FLOWS_TO	
547080	547090	FLOWS_TO	
547090	547095	FLOWS_TO	
547090	547106	FLOWS_TO	
547095	547120	FLOWS_TO	
547106	547120	FLOWS_TO	
547095	547121	USE	
547100	547121	USE	
547116	547122	DEF	
547090	547122	USE	
547095	547122	USE	
547101	547122	USE	
547080	547123	DEF	
547085	547123	DEF	
547081	547123	DEF	
547095	547123	USE	
547101	547123	USE	
547095	547124	USE	
547100	547124	USE	
547116	547090	REACHES	data
547116	547095	REACHES	data
547080	547095	REACHES	buffer
547119	547116	CONTROLS	
547119	547080	CONTROLS	
547119	547090	CONTROLS	
547090	547095	CONTROLS	
547090	547106	CONTROLS	
547090	547120	DOM	
547090	547095	DOM	
547080	547090	DOM	
547116	547080	DOM	
547090	547106	DOM	
547119	547119	DOM	
547119	547116	DOM	
547120	547120	POST_DOM	
547120	547095	POST_DOM	
547120	547090	POST_DOM	
547090	547080	POST_DOM	
547120	547106	POST_DOM	
547116	547119	POST_DOM	
547080	547116	POST_DOM	
547076	547077	IS_FUNCTION_OF_AST	
547076	547119	IS_FUNCTION_OF_CFG	
547075	547076	IS_FILE_OF	
547130	547131	IS_AST_PARENT	
547130	547132	IS_AST_PARENT	
547130	547133	IS_AST_PARENT	
547134	547135	IS_AST_PARENT	
547136	547137	IS_AST_PARENT	
547134	547136	IS_AST_PARENT	
547130	547134	IS_AST_PARENT	
547129	547130	IS_AST_PARENT	
547128	547129	IS_AST_PARENT	
547140	547141	IS_AST_PARENT	
547140	547142	IS_AST_PARENT	
547139	547140	IS_AST_PARENT	
547138	547139	IS_AST_PARENT	
547146	547147	IS_AST_PARENT	
547145	547146	IS_AST_PARENT	
547150	547151	IS_AST_PARENT	
547150	547152	IS_AST_PARENT	
547149	547150	IS_AST_PARENT	
547148	547149	IS_AST_PARENT	
547145	547148	IS_AST_PARENT	
547144	547145	IS_AST_PARENT	
547143	547144	IS_AST_PARENT	
547138	547143	IS_AST_PARENT	
547157	547158	IS_AST_PARENT	
547156	547157	IS_AST_PARENT	
547160	547161	IS_AST_PARENT	
547159	547160	IS_AST_PARENT	
547156	547159	IS_AST_PARENT	
547155	547156	IS_AST_PARENT	
547154	547155	IS_AST_PARENT	
547153	547154	IS_AST_PARENT	
547138	547153	IS_AST_PARENT	
547128	547138	IS_AST_PARENT	
547127	547128	IS_AST_PARENT	
547126	547127	IS_AST_PARENT	
547126	547162	IS_AST_PARENT	
547126	547163	IS_AST_PARENT	
547165	547166	IS_AST_PARENT	
547165	547167	IS_AST_PARENT	
547164	547165	IS_AST_PARENT	
547126	547164	IS_AST_PARENT	
547168	547165	FLOWS_TO	
547165	547129	FLOWS_TO	
547129	547139	FLOWS_TO	
547139	547144	FLOWS_TO	
547139	547155	FLOWS_TO	
547144	547169	FLOWS_TO	
547155	547169	FLOWS_TO	
547144	547170	USE	
547149	547170	USE	
547165	547171	DEF	
547139	547171	USE	
547144	547171	USE	
547150	547171	USE	
547129	547172	DEF	
547134	547172	DEF	
547130	547172	DEF	
547144	547172	USE	
547150	547172	USE	
547144	547173	USE	
547149	547173	USE	
547165	547139	REACHES	data
547165	547144	REACHES	data
547129	547144	REACHES	buffer
547168	547165	CONTROLS	
547168	547129	CONTROLS	
547168	547139	CONTROLS	
547139	547144	CONTROLS	
547139	547155	CONTROLS	
547168	547168	DOM	
547139	547169	DOM	
547139	547155	DOM	
547129	547139	DOM	
547168	547165	DOM	
547165	547129	DOM	
547139	547144	DOM	
547165	547168	POST_DOM	
547169	547169	POST_DOM	
547169	547155	POST_DOM	
547169	547139	POST_DOM	
547129	547165	POST_DOM	
547139	547129	POST_DOM	
547169	547144	POST_DOM	
547125	547126	IS_FUNCTION_OF_AST	
547125	547168	IS_FUNCTION_OF_CFG	
547075	547125	IS_FILE_OF	
547179	547180	IS_AST_PARENT	
547179	547181	IS_AST_PARENT	
547179	547182	IS_AST_PARENT	
547183	547184	IS_AST_PARENT	
547185	547186	IS_AST_PARENT	
547183	547185	IS_AST_PARENT	
547179	547183	IS_AST_PARENT	
547178	547179	IS_AST_PARENT	
547177	547178	IS_AST_PARENT	
547190	547191	IS_AST_PARENT	
547190	547192	IS_AST_PARENT	
547189	547190	IS_AST_PARENT	
547193	547194	IS_AST_PARENT	
547193	547195	IS_AST_PARENT	
547189	547193	IS_AST_PARENT	
547188	547189	IS_AST_PARENT	
547187	547188	IS_AST_PARENT	
547199	547200	IS_AST_PARENT	
547198	547199	IS_AST_PARENT	
547203	547204	IS_AST_PARENT	
547203	547205	IS_AST_PARENT	
547202	547203	IS_AST_PARENT	
547201	547202	IS_AST_PARENT	
547198	547201	IS_AST_PARENT	
547197	547198	IS_AST_PARENT	
547196	547197	IS_AST_PARENT	
547187	547196	IS_AST_PARENT	
547210	547211	IS_AST_PARENT	
547209	547210	IS_AST_PARENT	
547213	547214	IS_AST_PARENT	
547212	547213	IS_AST_PARENT	
547209	547212	IS_AST_PARENT	
547208	547209	IS_AST_PARENT	
547207	547208	IS_AST_PARENT	
547206	547207	IS_AST_PARENT	
547187	547206	IS_AST_PARENT	
547177	547187	IS_AST_PARENT	
547176	547177	IS_AST_PARENT	
547175	547176	IS_AST_PARENT	
547175	547215	IS_AST_PARENT	
547175	547216	IS_AST_PARENT	
547218	547219	IS_AST_PARENT	
547218	547220	IS_AST_PARENT	
547217	547218	IS_AST_PARENT	
547175	547217	IS_AST_PARENT	
547221	547218	FLOWS_TO	
547218	547178	FLOWS_TO	
547178	547188	FLOWS_TO	
547188	547197	FLOWS_TO	
547188	547208	FLOWS_TO	
547197	547222	FLOWS_TO	
547208	547222	FLOWS_TO	
547197	547223	USE	
547202	547223	USE	
547218	547224	DEF	
547188	547224	USE	
547197	547224	USE	
547203	547224	USE	
547178	547225	DEF	
547183	547225	DEF	
547179	547225	DEF	
547197	547225	USE	
547203	547225	USE	
547197	547226	USE	
547202	547226	USE	
547218	547188	REACHES	data
547218	547197	REACHES	data
547178	547197	REACHES	buffer
547221	547218	CONTROLS	
547221	547178	CONTROLS	
547221	547188	CONTROLS	
547188	547197	CONTROLS	
547188	547208	CONTROLS	
547221	547221	DOM	
547178	547188	DOM	
547221	547218	DOM	
547218	547178	DOM	
547188	547208	DOM	
547188	547197	DOM	
547188	547222	DOM	
547218	547221	POST_DOM	
547222	547188	POST_DOM	
547188	547178	POST_DOM	
547178	547218	POST_DOM	
547222	547208	POST_DOM	
547222	547197	POST_DOM	
547222	547222	POST_DOM	
547174	547175	IS_FUNCTION_OF_AST	
547174	547221	IS_FUNCTION_OF_CFG	
547075	547174	IS_FILE_OF	
